0,273
0,270
39,37
39,36
39,35
3,2
3,1
3,3
10,307
10,299
10,67
10,187
10,75
10,30
10,118
11,18
9,5
8,5
8,15
8,6
8,9
8,7
8,11
8,2
8,3
31,5
31,4
31,3
31,2
31,1
31,0
27,3
27,2
27,1
27,0
26,4
26,3
26,2
26,1
26,0
25,4
25,3
25,2
25,1
25,0
24,3
24,2
24,1
24,0
12,3
12,2
12,1
11,28
11,27
11,26
11,25
11,24
11,23
11,22
11,21
11,20
11,19
11,16
11,15
11,14
11,13
11,12
11,11
11,10
11,9
11,8
11,7
11,6
11,5
11,4
11,3
11,2
11,1
10,309
10,302
10,296
10,295
20,2
10,290
20,1
10,285
20,3
10,284
10,279
10,265
10,264
10,260
10,256
10,252
10,243
10,242
19,2
10,236
19,1
10,235
19,3
10,225
10,215
10,214
10,212
10,211
